SumTime,SingleTime,Task
02:54.83,02:54.83,T1
03:20.98,00:26.15,T2
11:40.31,08:19.33,T3
30:34.87,18:54.56,T4
33:45.17,03:10.30,T5
40:50.68,07:05.51,T6
50:19.49,09:28.81,T7
53:00.52,02:41.03,T8
54:36.94,01:36.41,T9
