SumTime,SingleTime,Task
01:35.12,01:35.12,T1
02:00.14,00:25.02,T2
05:14.31,03:14.17,T3
14:19.57,09:05.26,T4
17:23.00,03:03.43,T5
24:52.78,07:29.78,T6
30:41.58,05:48.80,T7
32:01.62,01:20.04,T8
33:07.99,01:06.37,T9
