SumTime,SingleTime,Task
02:30.58,02:30.58,T1
02:34.67,00:04.09,T2
07:43.60,05:08.93,T3
23:09.71,15:26.11,T4
28:56.86,05:47.15,T5
37:37.12,08:40.26,T6
43:22.18,05:45.06,T7
47:16.97,03:54.79,T8
49:12.20,01:55.23,T9
