SumTime,SingleTime,Task
02:44.64,02:44.64,T1
03:03.97,00:19.33,T2
06:23.87,03:19.90,T3
20:57.74,14:33.87,T4
27:55.96,06:58.22,T5
37:13.56,09:17.60,T6
44:31.85,07:18.29,T7
48:00.07,03:28.22,T8
49:49.71,01:49.63,T9
