SumTime,SingleTime,Task
04:29.10,04:29.10,T1
04:43.29,00:14.19,T2
12:11.37,07:28.08,T3
22:44.25,10:32.88,T4
30:53.92,08:09.67,T5
37:03.77,06:09.85,T6
48:07.31,11:03.54,T7
53:05.67,04:58.36,T8
55:56.35,02:50.68,T9
