SumTime,SingleTime,Task
00:44.14,00:44.14,T1
01:05.01,00:20.87,T2
07:37.32,06:32.31,T3
15:15.83,07:38.51,T4
20:42.66,05:26.83,T5
28:00.61,07:17.95,T6
34:34.92,06:34.31,T7
37:41.00,03:06.08,T8
38:57.90,01:16.89,T9
