SumTime,SingleTime,Task
03:01.59,03:01.59,T1
03:06.33,00:04.74,T2
07:28.24,04:21.91,T3
16:28.58,09:00.34,T4
24:42.31,08:13.73,T5
33:15.92,08:33.61,T6
39:59.96,06:44.04,T7
43:26.91,03:26.95,T8
46:43.15,03:16.23,T9
