SumTime,SingleTime,Task
03:08.76,03:08.76,T1
03:14.19,00:05.43,T2
06:04.18,02:49.99,T3
20:14.25,14:10.07,T4
22:11.69,01:57.44,T5
30:56.77,08:45.08,T6
38:33.61,07:36.84,T7
40:43.54,02:09.93,T8
42:14.10,01:30.55,T9
