SumTime,SingleTime,Task
00:53.99,00:53.99,T1
00:58.78,00:04.79,T2
03:19.11,02:20.33,T3
12:35.99,09:16.88,T4
15:59.71,03:23.72,T5
21:10.19,05:10.48,T6
29:00.52,07:50.33,T7
32:22.29,03:21.77,T8
34:21.10,01:58.81,T9
