SumTime,SingleTime,Task
02:03.40,02:03.40,T1
02:10.78,00:07.38,T2
04:45.67,02:34.89,T3
08:48.90,04:03.23,T4
12:05.92,03:17.02,T5
15:08.97,03:03.05,T6
20:29.57,05:20.60,T7
24:48.01,04:18.44,T8
25:46.08,00:58.07,T9
