SumTime,SingleTime,Task
01:10.19,01:10.19,T1
01:25.17,00:14.98,T2
03:36.75,02:11.58,T3
11:41.91,08:05.16,T4
17:07.66,05:25.75,T5
21:21.76,04:14.10,T6
29:56.54,08:34.78,T7
32:03.58,02:07.04,T8
34:15.11,02:11.53,T9
