SumTime,SingleTime,Task
03:42.94,03:42.94,T1
04:33.66,00:50.72,T2
07:43.93,03:10.27,T3
15:24.41,07:40.48,T4
22:58.83,07:34.42,T5
29:46.61,06:47.78,T6
36:49.69,07:03.08,T7
39:48.40,02:58.71,T8
41:49.79,02:01.38,T9
